index: 1
description: Initial Position
fen: rheakaehr/9/1c5c1/p1p1p1p1p/9/9/P1P1P1P1P/1C5C1/9/RHEAKAEHR w - - 0 1
expected:
1, 44, 0, 2, 0
2, 1920, 6, 72, 0
3, 79666, 384, 3159, 0
4, 3290240, 19380, 115365, 0
5, 133312995, 953251, 4917734, 0
6, 5392831844, 39288662, 185194510, 584
7, 217154523878, 1793957429, 7806689172, 29150
8, 8737663095907, 71125910451, 303251726428, 4083622
9, 352226653990275, 3155476718855, 12781706774202, 182581992
10, 14187549274751861, 125057982988020, 509498168281284, 13831340296
---
index: 2
description: Position 2
fen: r1ea1a3/4kh3/2h1e4/pHp1p1p1p/4c4/6P2/P1P2R2P/1CcC5/9/2EAKAE2 w - - 0 1
expected:
1, 38, 1, 1, 0
2, 1128, 12, 10, 0
3, 43929, 1190, 2105, 0
4, 1339047, 21299, 31409, 23
5, 53112976, 1496697, 3262495, 1537
6, 1663640378, 29697750, 55945766, 41673
7, 66742966316, 1960700294, 4740705145, 2702397
8, 2142014636456, 39524028541, 88410505039, 62159428
9, 86413551364229, 2638908733541, 6769016991326, 3645360756
10, 2830006985783112, 52300489303217, 134151779490661, 88186803110
---
index: 3
description: Position 3
fen: 1ceak4/9/h2a5/2p1p3p/5cp2/2h2H3/6PCP/3AE4/2C6/3A1K1H1 w - - 0 1
expected:
1, 7, 0, 0, 0
2, 281, 9, 10, 0
3, 8620, 64, 540, 0
4, 326201, 10121, 11730, 0
5, 10369923, 162542, 660479, 3
6, 380156340, 11748261, 14627168, 2302
7, 12345505147, 218725663, 806263565, 37989
8, 445309747371, 13751134332, 18559293496, 4801845
9, 14614113572802, 266274473825, 977827445317, 86519165
10, 521995912658933, 16061905823721, 23454619449916, 7310094390
---
index: 4
description: Position 4
fen: 5a3/3k5/3aR4/9/5r3/5h3/9/3A1A3/5K3/2EC2E2 w - - 0 1
expected:
1, 25, 3, 2, 0
2, 424, 9, 6, 0
3, 9850, 963, 771, 0
4, 202884, 8699, 9179, 12
5, 4739553, 380858, 326535, 161
6, 100055401, 4582930, 5001139, 4345
7, 2447759037, 166331869, 143760961, 163653
8, 52307997357, 2408154816, 2668348453, 2325098
9, 1343160831754, 80132288711, 67079153812, 97462707
10, 28838171664689, 1332698893123, 1476550279562, 1203847678
---
index: 5
description: Position 5
fen: CRH1k1e2/3ca4/4ea3/9/2hr5/9/9/4E4/4A4/4KA3 w - - 0 1
expected:
1, 28, 12, 1, 0
2, 516, 15, 7, 0
3, 14808, 3041, 675, 0
4, 395483, 12444, 11485, 162
5, 11842230, 1254024, 590801, 495
6, 367168327, 11779169, 14499871, 116750
7, 11194690506, 825591992, 583666802, 476743
8, 366768760741, 12248499805, 16860361852, 85997356
9, 11316892742588, 678308656892, 599101339831, 437397863
10, 380911906724558, 13152214083387, 18848190024072, 64245967343
---
index: 6
description: Position 6
fen: R1H1k1e2/9/3aea3/9/2hr5/2E6/9/4E4/4A4/4KA3 w - - 0 1
expected:
1, 21, 4, 1, 0
2, 364, 16, 22, 0
3, 7626, 784, 502, 0
4, 162837, 5865, 10683, 17
5, 3500505, 236182, 241214, 24
6, 81195154, 2753081, 5470269, 5585
7, 1765627003, 93795634, 120586840, 14385
8, 42424719146, 1426561933, 2828476506, 1967775
9, 929895135908, 43484217259, 61439386737, 10745724
10, 22656480355626, 767893400007, 1473581068609, 803291479
---
index: 7
description: Position 7
fen: C1hHk4/9/9/9/9/9/h1pp5/E3C4/9/3A1K3 w - - 0 1
expected:
1, 28, 2, 0, 0
2, 222, 0, 12, 0
3, 6241, 464, 40, 0
4, 64971, 105, 4966, 0
5, 1914306, 116319, 17459, 0
6, 23496493, 134225, 1895759, 1089
7, 713048593, 34857153, 7808522, 0
8, 9711548664, 75280993, 768711235, 726865
9, 300586365694, 12340552491, 3663066815, 24061
10, 4378452618313, 44181673494, 331908254483, 352702439
---
index: 8
description: Position 8
fen: 4ka3/4a4/9/9/4H4/p8/9/4C3c/7h1/2EK5 w - - 0 1
expected:
1, 23, 8, 1, 0
2, 345, 4, 6, 0
3, 8124, 1524, 179, 0
4, 149272, 3201, 2857, 32
5, 3513104, 390765, 57928, 274
6, 71287903, 1922146, 1212926, 17907
7, 1657573114, 132843535, 28345589, 153992
8, 35087900502, 1045205635, 558444756, 8611930
9, 805901318220, 52908764098, 15107162709, 71785076
10, 17446699531702, 539614961239, 273248855042, 4209601416
---
index: 9
description: Position 9
fen: 2e1ka3/9/e3H4/4h4/9/9/9/4C4/2p6/2EK5 w - - 0 1
expected:
1, 21, 6, 1, 0
2, 195, 28, 30, 0
3, 3883, 411, 135, 0
4, 48060, 6419, 6087, 0
5, 933096, 71759, 26841, 0
6, 12250386, 1409925, 1290768, 1136
7, 235622620, 14168904, 5848140, 1312
8, 3223442295, 330779266, 288286382, 195357
9, 61976856602, 3213463588, 1424784285, 3564547
10, 856769945175, 79527026317, 66165224144, 44257146
---
index: 10
description: Position 10
fen: 1C2ka3/9/C1Hae1h2/p3p3p/6p2/9/P3P3P/3AE4/3p2c2/c1EAK4 w - - 0 1
expected:
1, 30, 2, 3, 0
2, 830, 55, 64, 0
3, 22787, 858, 2163, 0
4, 649866, 39719, 57076, 65
5, 17920736, 518816, 1625453, 44
6, 517687990, 29340751, 48536896, 43720
7, 14455679002, 383843427, 1261613671, 58555
8, 421689225752, 22355099771, 40836967120, 28351366
9, 11955334228633, 309121766222, 1009093177933, 58507090
10, 352462159702536, 17646344479723, 34623825090952, 19782310723
---
index: 11
description: Position 11
fen: ChH1k1e2/c3a4/4ea3/9/2hr5/9/9/4C4/4A4/4KA3 w - - 0 1
expected:
1, 19, 3, 2, 0
2, 583, 15, 14, 0
3, 11714, 1680, 880, 0
4, 376467, 12434, 14459, 2
5, 8148177, 988563, 537908, 362
6, 270587571, 9963307, 12300582, 1424
7, 6347480650, 622266982, 380559237, 391244
8, 218080917174, 8558789381, 10793188064, 1402277
9, 5477201520455, 435125936179, 301126140779, 390573055
10, 193881133546122, 7872885590188, 9988415709190, 1533023114
